                                    DEVELOPPEMENT           DES         RESULTATS       DU       PREMIER       TOUR      DE     SCRUTIN



                        ELECTEURS              SUFFRAGES                                              H.                         F.       V. GISCARD
       DEPARTEMNTS                  VOTANTS              ■l.LAGUILLER M.F.CÀRAUD    M. CREPEAU                 B. LALONDE                              C.MARCHAIS   N. DEBRE   J. CHIRAC
                         INSCRITS               EXPRIMES                                         BOUCHARDEAU                 MITTERRAND    D'ESTAING


AIN                      262.000    205,332     202.080       4.307         3.138       3.206        2.906          8.555       51.232        64.004       22.913     3.648       36.171
AISNE                     359.922   304.776     299.795        â.585        3.270       4.769        2.134          9.751       75.984        76.418       65.047     5.018       48.819
ALLIER                   266.534    222.278     218.640        5.078        2.259       3.894        1.332          6.804       32.072        53.467       49.934     2.506       39.294

ALPES-de-Ht* PROVENCE      67.661     70,914     69.711        liSll        1.070       1,294          739          3,044       17.494        18.937       13.419       990       10.913




                                                                                                                                                                                           JOURNAL OFFICIEL DE LA REPUBLIQUE FRANÇAISE
ALPES (HAUTES)             75.034     59.199     58.098        1.508          803       1.124          786          2.935       14.127        17.336        8.947      1.050       9.482
ALPES-MARITIMES           594.882   471.533     465.063        6.621        6.224       7.766        3.196         17.396       98.426       149.702       75.563     5.769       94.400
ARDECHE                   192.790    156.325    153.960        3.383        1.629       2.327        1.990          6.106       38.827        48.576       24.325     2.547       24.250
ARDENNES                  192.621    159.888    157.834       4.018         1.852       2.405        1.662          5.283       42.289        40.302       30.986     3.209       2S.82S
ARIECE                    106.889     86.053     84.750        2.243          932        1.742         713          2.723       27.469        17.626       17.343       863       13.096
AUBE                      188.500    154.422    151.878        3.539        2.378       2.915        1.141          5.709       37.441        45.662       23.727     3.141       26.223
AUDE                      204.990    171.149     168.220       3.482        1.316        3.065       1.359          *5.339      57.881        32.195       34.310     1.817       27.256
AVEYRON                   209.707    173.982     170.524       4,884        2.071       2.985        1.939          6.532       44.109        51.618       16.427     2.534       37.425
BOUCHES-JU-RHONE        1,036.072   812.019     800,797       13.308       10.208       12.824       6.477         29.206      190.955       204.419      204.643    10.009      118.748
CALVADOS                  389.807    322.123    317.586        8.435        4.329        6.858       3.428         13.477       85.253        93.118       36.413      3.042      61.229
CANTAL                    124.516    101.072     100.013       2.175          935        1.136         652          2.142       22.108        25.924       10.596        893      33.452
CHARENTE                  245.614    203.505    200.187        4.373        2.478       9.672        1.268          3.782       55.733        48.486       32.051     3.006       37.138
CHARENTE-MA RtTlM         366.395   292.845     288.717        3.233        3.614      34.484        1.893          8,464       70.496        76.083       37.149     4.036       47.265
CHER                      219.990    182.797     179.628       4,817        1.997       3.736        1.356          5.866       40.999        49.693       36.392     3.305       31.467

CORREZE                   184.072    159.407     157.637       2.767        i.ooi        2.062         964          3.087       32.362        14.461       34.459     1.163       65.311
CORSE-DU-SL'Û              90.193     60.172      59.358         347          401          629         297          1.004       13.653        17.149        9.172       453       16.251

CORSE (HAUTE-)            115.729     73.436      72.698          553         456        7.130         404          1.247       12.863        17.531       12.206       460       19.828

COTE-D'OR                 299.808   241.577      238.117       3.774        3.725        5.303       3.032          9.693       72.931        63.864       24.066     4.384       43.145

COTES-DU-NORD             395.631    334.966     331.531       8.642        2.973        5.027       5.009         12.717       92.735        90.306       53.724     3.847       36.549

CREUSE                    113.991     91.019     89.869        i.688          854        1.244         607          1.921       20.826        17.424       18.2(9        719      25.317

DORDOGNE                  293.703    248.848     244.662       5.690        2.684        5.527       2.126          7.027       63.830        51.049       30.028      3.735      52.966
DOUBS                     294.726    240.456     236.711       6.090        3.664        4.235       3.843         10.765       68.517        61.215       26.731     4.626       47.023
DROME                     256.757    205.915     202.271       3.043        2.798        4,191       2.869          9.691       57.146        33.028       30.399      3.787      31.319
EURE                      308.565    258.446     254.009       6.969        3.352        5.799       2.244          8.999       67.676        72.868       34.375     4.0G4       47.723
EURE-ct-LOIR              238.014    199.002     195.583       5.656        2.810        5.897       1.827          7,473       50.906        59.859       23.439      3.322      34.194

FINISTERE                 595.439    491.244     486.369      10.936        5.024        3.530      10.055         20.793      132.343       149.041       48.5(1      6.012      95.074

CARD                      363.950    295.386     290.111       6.259        3.264     — 4.991        2.881         11.235       70.173        73.594       72.917      4.390      40.407

CARONNE (HAUTE-)          528.425    425.976     419.495       9.825        5.997       10.542       5.133         17.394      141.538        92.114       64.737      5.092      67.123

CERS                      133.585    110.053     108.281       2.942        1.230        2.420       1.071          3.729       36.958        24.844       14.929      1.271      18,887




                                                                                                                                                                                           16 Mai 1981
GIRONDE                   735.555    595.943     587.2U       13.132        8.388       15.783       4.753         19.543      195.121       137.160       82.611     12.834      97.864

                                                                                                                                                                                              16 Mai 1981
                        ELECTEURS               6UTT RACES                                               H.                        F.       V. C1SCARD
       DEPARTEMENTS                  VOTANTS                 A.LAGUILLER M.F. CARAUD   H. CREPEAU                 B. LALONDE                             C. MARCHAIS   M. DEBRE   J. CHIRAC
                         INSCRITS                EXPRIMES                                           BOUCHARDEAU                MITTERRAND    D'ESTAINC


HERAULT                   456.322     368.968     363.224       7.075        4.217        6.797         3.981       13.679        95.847       91.923      75.997       5.547      58.161
ILLE-et-VILAINE           491.872     406.236     400.516      11.163        5.153        7.909         6.026       17.973       103.118      132.068      29.541       6.644      80.919
INDRE                     180.653     149.728     146.691       4.114        1.786        2.930         1.109        4.036        34.474      39.110       28.294       2.621      28.217
INDRE-et-LOIRE            329.781     268.345     263.044       6.653        4.172        8.654         2.701        9.707        75.217       72.801       31.497     11.411      40.231
ISERE                     559.968     443.845     436.737      10.168        5.783        9.284         6.675       21.353       124.378      112.947       72.253      7.877      66.019
JURA                      169.848     138.356     135.844       3.910        2.191        2.700         2.190        6.212        36.078       38.213       18.601      3.170      22.579
LANDES                    219.366     186.100     183.197       3.487        1.946        3.095         1,118        4.744        62.326       47.013       26.095      2.625      30.748
LOIR-ct-CHER              208.054     174.005     170.420       4.893        2.519        4.032         1.754        5.805        43.511       53.259       24.732      4.077      25.838




                                                                                                                                                                                              JOURNAL OFFICIEL DE LA REPUBLIQUE FRANÇAISE
LOIRE                     475.584     376.877     370.743       7.873        4.730        7.094         6.247       15.179        91.612      108.556       5B.743      6.688      64.021
LOIRE (HAUTE-)            152.741     123.919     121.979       2.931        1.455        1.704         1.463        4.453        30.686       45.012       10.595       1.652     22.028
LOIRE-ATLANTIQUE          652.967     531.704     523.950      13.395        6.731       14.811         7.980       23.077       149.168      156.176       48.924      9.783      93.905
LOIRET                    340.622     284.155    278.377        7.560        4.554        7.524         2.665       11.977        67.198       85.290       35.115      5.640      50.854
LOT                       117.111      99.008      97.541       2.599        1.174        3.341           996        3.561        30.204       18.258       13.337       1.339     22.732
LOT-et-GARONNE            214.999     179.716     176.586       4.745        2.150-       4.288         1.347        6.653        48.333       43.424       31.942      2.759      30.945
LOZERE                     57.309     46.131      45.543        1.115          505          445           571        1.546        10.102       17.800        3.862         760      8.837
MAlNE-*t-LOIRE            429.921    358.332     351.677        8.584        4.551        8.245         4.153       15.298        84.082      123.998       24.657      7.696      70.413
MANCHE                    327.073     269.819    265.990        6.127        3.096        4.516         2.366       12.729        59.442       96.775       18.819      4.113      5S.007
MARNE                     342.52?     278.913     274.614       6.373        3.466        5.341         2,628       10.845        66.625       82.127       42.768      4.896      49.545
MARNE (HAUTE-)            144.668     117.500     115.188       3.049        1.754        2.008         1.266        4.051        32.230       33.050       15.390      2.188      20.202
MAYENNE                   187.956     160.127     157.018       3.996        1.936        2.572         1.659        5.964        35.884       56.969        8.285      2.538      37.215
ME URTHE-* t-MOS ELLE     463.469     373.608     368.014       9.469        5.037        6.728         4.338       13.280        98,100      108.543       65.345       6.481     50.693
MEUSE                     139.031     115.450     113.376       3.147        1.541        1,672         1.088        4.008        30.700       37.539       13.825       2.018     17.838
MORBIHAN                  414.217     344.735     340.703       8.148        3.552        5.645         4.249       13.644        85.751      117,067       32.806      4.588      65.253
MOSELLE                   634.162     516.181     506.638      12.577        7.661        6.845         5.258       19.120       132.988      172.259       59.771       7.925     82.234
NIEVRE                    177.008     144.206     142.166       3.045        1.471        2.277           981        3.674        55.912       32.145       21.524       1.749     19.388
NORD                    1.601.851   1.363,879   1.338.746      31.078       13.080       18.480         9.784       46.470       346.897      366.297      287.069     23.763     195.828
OISE                     408.357     345.391      339.786      10.063        4.658        7.282         3.072       12.887        86.771       88.399       61.695       5.865     59.094
ORNE                      205.689     171.566     168.934       4.521        2.122        3.158         1.723        6.343        39.794       51.827       14.598       2,710     42.138
PAS-Ut-CAUIS              945.564     816.833    800.384       19.881        6.590        9.491         4.701       21.127       221.988      209.454      185.427      11.348    110.377
PUY-de-DOME               387.673    321.587     317.272        9.194        4.073        6.094         3.372       11,940        88.820      101.027       43.495       3.109     46.148
PYRENEES-ATLANTIQUES      389.806    316.656     314.746        6.402        3.750        5.590         3.392       11.643        89.886       90.456       33.283       4.979     65.365
PYRENEES (HAUTES-)        167.998    133.556      131.463       2.816        1.589        3.173         1.193        4.078        40.718       30.512       25.000       1.771     20.613
PYRENEES-ORIENTALES      224.924      174.»91    171.710        3.746        2.181        3.815         1.532        6.394        43.937       45.533       35.850       2.325     26.397
RHIN (BAS)               580.167     467.395     458.277        7.893        7.294        7.174         4.963       21.596       101.024      210.093       20.865       7.906     69.469
RHIN (HAUT)              413.248     330.835     322.447        7.679        5.510        5.665         3.731       16.953        74.679      125.178       18,840       6.102     58.110
RHONE                    849.046     670.336     660.383      '13.360       10.011       15.400        11.770       31.243       172.694      190.118       87.705      11.921    116.161
SAONE (HAUTE-)           159.659     131.085     128.547        3.625        1.650        3.067         1.263        4.194        37.614       36.403       15.353       1.936     23.442
SAONE-et-LOIRE           388.877     309.902     304.883        6.643        3.654        6.734         2.788       10.509        85.970       88.296       46.143      4.580      49.566

                                                                                                                                                                                                   1470
                         ELECTEURS                  SUFFRAGES                                                H.                        F.       V. GISCARD                 M. DEBRE    J. CHIRAC
       DEPARTEMENTS                      VOTANTS                 A.LACUILLER M.F. CARAUD   K. CREPEAU                 B. LALONDE                             G. MARCHAIS
                          INSCRITS                   EXPRIMES                                           BOUCHARDEAU                MITTERRAND    D'ESTAINC

SARTHE                      34)6.161      288.278      282.878      7.751       3.019         6.129        2.941         9.832       72.453        87.241       40.089      4.445       48.978
SAVOIE                      215.347       168.389      165.870      3.778       2.337         3.264         2.285        8.184       41.896        46.422       22.978      3.026       31.700
SAVOIE (HAUTE-)             302.034       234.760      230.967      4.845       4.362         5.136         3.245        12.238      53.879        72.615       21.354      5.794       47.499
PARIS                     1.272.577       986.295      975.035     16.871      17.308        20.708        17.532       39.696      239.718       253.155       89.376     17.575      263.096
SEINE-MARITIME              762.984       654.465      644.022     17.824       6.997        12.598         6.317       24.046      171.161       180.848      123.304      9.518       91.409
SEINE-et-MARNE              537.590       437.^90      430.665     10.446       6.975        11.368        4.737        20.344      108.955       111.595       66.171      7.462       82.612

YVELINES                    710.390       581.848      573.473     11.870      11.559        17.241.        8.137       28.840      139.747       154.482       71.742     11.251      118.604




                                                                                                                                                                                                   JOURNAL OFFICIEL DE LA REPUBLIQUE FRANÇAISE
SEVRES (DEUX-)              240.274       201.945      197.958      4.963       3.676         8.429         1.834         6.588       53.503        65.792       16.142     3.396       33.635
SOMME                       372.040       322.617      317.130      9.334       3.253         4.774         2.442        10.264       74.884        84.006      70.993      4.909       52.271
TARN                        247.418       210.600      205.780      5.346       2.705         4.826         1.984         7.842       60.851        51.639      29.630      2.918       38.039
TARN-et-CARONNE             137.238       115.502      113.070      2.903       1.387         6.656         1.132         4.417       31.342        25.962       15.402     1.484       22.385
VAR                         470.780       380.100      374.433      5.632       5.465         6.585         2.528        13.799       85.749       117.514       67.294     4.876       64.991
VAUCLUSE                    272.600       226.916      222.033      4.719       3.270         4.202         1.996         9.306       57.430        59.495      42.264      3.248       36.103
VENDEE                      335.692       287.877      282.738      5.897       3.827        11.319-        2.831        10.026       61.118       104.498       18.984     5.258       58.980
VIENNE                      259.373       215.490      211.292      4.533       3.490         7.864         2.183         7.272       56.615        58.254       28.171     3.118       39.792
VIENNE (HAUTE-)             259.988       220.458      216.510      4.522       2.062         4.145         1.616         5.844       56.050        37.370       52.547     2.103        50.251
VOSGES                     271.274        223.523      218.363      7.031       3.172         3.777         2.188         8.182      59.205-        65.333       25.136     4.364       39.975
YONNE                       216.357       176.808      173.555      4.341       2.580         3.852         1.729         6.702       43.672        52.465       24.282     3.173       30.759
TERRIT.de BELFORT            81.324        66.254       64.985      2.035         860         1.304           894         2.623       21.721        16.126        7.718     i;088        10.616
ESSONNE                     594.642       488.093      480.732     11.257       8.076        13.712         7.545        25.736      128.184       110.048       80.789     8.294       87.091
HAUTS-de-SEINE              853.119       684.064      675.274     13.720      12.595        17.521        10.660        32.557      158.852       168.480      109.047    12.620       139.222
SEINE-SAINT-DENIS           745.572       590.785      579.565     14.634       7.364        13.985         7.209        25.752      141.B09       113.043      158.080     7.866       89.823
VAL-de-MARNE                716.445       579.648      570.640     12.285       8.932        14.317         8.273        26.963      140.645       124.553      121.964     9.125       103.583
VAL-d'OISE                  533.609       436.075      428.919     10.172       6.907        11.920         5.690        21.802      110.608        99.926       80.641     7.067        /4.186
GUADELOUPE                  177.461        70.400       68.265        472         376           212           174           333        6.671        48.356        4.584        229        6.858
CITY ANE                     23.003        10.120        9.831        115         107           103            60           183        2.084         4.215          145         75        2.744
MARTINIQUE                  187.657        90.604       86.560        801         413           367           211           546       10.530        62.422        2.131        386        8.753
REUNION (la)               237.153        153.734      151.956      3.083       1.288           831           638         1.450       15.017        70.086       33.371     10.055       16.137
St-PIERRE-et-MIQUELON         3.856         2.873        2.778        103          42            73            13           116          508         1.607           78         37          201
MAYOTTE                      20.303        11.478       11.391        223         134.           45            64            42          263         8.347           5B         87        2.128
NOUVELLE-CALEDONIE           73.280        48.402       48.076        728         637           483           139           869       11.218        23.471        1.647        405        8.479
POLYNESIE-FRANÇAISE          78.496        52.018       51.036        519         351           254           144           376        4.249        26.241          273        306       18.323
WALLIS et FUTUNA              6.606         4.845        4.834          2           5              1            3             4           26         2.911            6          8        1.868
FRANÇAIS de l'ETRANCER      132.059        99.494       98.755        892       2.473         1.534         1.794         4.103       18.112        44.926        1.680      1.453       21.788




                                                                                                                                                                                                   16 Mai 1981
           TOTAL         36.398.859    29.516.082   29.038.117    668.057     386.623       642.847       321.353     1.126.254    7.505.960     8.222.432    4.456.922    481.821    5.225.848

16 Mai 1981                  JOURNAL    OFFICIEL DE LA REPUBLIQUE FRANÇAISE                           1471




                  DEVELOPPEMENT     DES    RESULTATS   DU    SECOND   TOUR   DE   SCRUTIN




                                  ELECTEURS                   SUFFRAGES       F.        V. GISCARD
              DEPARTEMENTS         'inscrits      VOTANTS
                                                               EXPRIMES   MITTERRAND     D'ESTAING


    AIN                                261.921     224.982      218.882      104.575        114.307
    AISNE                              360.677     319.067      311.213       175.806       135.407
    ALLIER                             266.522     232.449      225.259      126.240         99.019
    ALPES-DE-Hte-PROVENCE               87.623      76.176       73.773       39.392         34.381
    ALPES (HAUTES-)                     74.993      65.016      62.932        32.236         30.696
    ALPES-MARITIMES                    594.894    501.383      488.271       222.790        265.481
    ARDECHE                            193.140    168.163      163.850        82.940         80.910
    ARDENNES                           192.968    170.113      166.118        92.851         73.267
    ARIEGE                             106-794     92.807       90.409        57.162         33.247
    AUBE                               188-494    162-779      158-094        79.153         78.941
    AUDE                               204.914    181.553      175.866       111.970         63.896
    AVEYRON                            209.655    185-952      180.174        86.686         93.488
    BOUCHES-DU-RHONE               1.039.153      854.365      828.526       464.771        363.755
    CALVADOS                           389.705    338.569      328.920       165.806        163.114
    CANTAL                             124.443    107.214      104.217        44.876         59.341
    CHARENTE                           245.530    215.345      209.338       117.473         91.865
    CHARENTE-MARITIME                  366.241    313.143      304.559       162.977        141.582
    CHER                               219.830    192.513      186.795        98.652         88.143
    CORREZE                            184.017    163.675      155.140        92.825         62.315
    CORSE-DU-SUD                        90.290     67.553       66.145        30.350         35.795
    CORSE (HAUTE-)                     115.538     80.698       79.108        39.152         39.956
    COTE D’OR                          299.721    259.240      251.777       132.257        119.520
    COTES-DU-NORD                      395.521    355.605      347.857       193.054        154.803
    CREUSE                             113.977     96.700       93.376        52.576        40.800
    DORDOGNE                           293.596    261.634      252.989       146.464        106.525
    DOUBS                              294-649    257 -668     250-143       131.057        119.086
    DROME                              256.733    221.518      214.870       116.542         98.328
    EURE                               307.962    271.289      263.814       134.660        129.154
    EURE-ET-LOIR                       237.987    209.413      203.446       100.099        103.347
    FINISTERE                          595.204    518.972      507.592       249.041        258.551
    GARD                               363.870    312.690      303.288       174.279        129.009
    GARONNE (HAUTE-)                   528.364    454.457      441.131       268.136        172.995
    GERS                               133.531    117.981      114.587        67.629        46.958
    GIRONDE                            735.341    632.946      615.771       355.832      259.939

1472                               JOURNAL OFFICIEL DE LA REPUBLIQUE FRANÇAISE               16 Mai 1981


                                        ELECTEURS               SUFFRAGES       F.     V. GISCARD
              •DEPARTEMENTS                          VOTANTS
                                         INSCRITS                EXPRIMES   MITTERRAND D'ESTAING

       HERAULT                            458.202     394.384     383.217    215.964      167.253
       ILLE-et-VILAINE                    491.816    431.325      419.673    192.282      227.391
       INDRE                              180.602     158.464     153.161        81.619    71.542
       INDRE-et-LOIRE                     329.751     284.352     275.755    145.015      130.740

       ISERE                              559.927    482.228      468.644    261.878      206.766

       JURA                               169.782     150.072     145.465        76,300    69.165

       LANDES                             219.293     195.334     190.565    107.026       83.539
       LOIR-et-CHER                       208.006     183.954     178.353        90.126    88.227

       LOIRE                              475.590     403.055     391.976    200.281      191.695
       LOIRE (HAUTE-)                     152.683     133.782     130.397        57.335    73.062
       LOIRE-ATLANTIQUE                   652.911     563.198     548.289    273.629      274.660

       LOIRET                             340.528     299.674     289.945    138.650      151.295
       LOT                                116-997     105.465     102.060        60.804    41.256
       LOT-et-GARONNE                     214.939     190.198     184.388    104.405       79.983
       LOZERE                              57.261     49.769       48.572        19.696    28.876
       MAINE-et-LOIRE                     429.975     375.002     363.809    154.302      209.507
       MANCHE                             326.924     284.247     276.333    112.930      163.403

       MARNE                              342.465     295.100     287.413    142.574      144.839
       MARNE (HAUTE-)                     144.622     125.784     122.172        63.497    58.675
       MAYENNE                            188.047     166.262     160.979        64.293    96.686   •

       ME URTHE - e t -MOS E LLE          464.199    396.884      387.528    209.973      177.555
       MEUSE                              138.918    122.476      119.520        58.361    61.159
       MORBIHAN                           413.720     360.847     352.523    162.265      190.258
       MOSELLE                            634.071    545.911      532.327    260.554      271.773
       NIEVRE                             177.004    154.266      150.765        94.858    55.907

       NORD                             1.602.215   1.413.408   1.374.599    760.849      613.750

       OISE                               408.308    361.260      351.454    191.924      159.530

       ORNE                               205.663     180.340     174.752        78.681    96.071

       PAS-de-CALAIS                      945.514     843.462     820.179    477.363      342.816
       PUY-de-DOME                        387.529    341.086      331.963    172.403      159.560
       PYRENEES-ATLANTIQUES               390.961    341.607      333.336    165.323      168.013
        PYRENEES (HAUTES-)                167.936    143.902      140.177        84.175    56.002
        PYRENEES-ORIENTALES               224.876    190.107      184.581    103.927       80.654
       RHIN (BAS-)                        580.175    495.834      482.876    168.458      314.418
       RHIN (HAUT-)                       413.309    352.439      341.537    137.584      203.953
       RHONE                              848.979    715.923      694.768    352.593      342,175
       SAONE (HAUTE-)                     159.600    142.603      138.293        72.837    65.456
       SAONE-et-LOIRE                     388.742    332.319      323.227    171.793      151.434

16 Mai 1981                 JOURNAL OFFICIEL DE    LA REPUBLIQUE FRANÇAISE                         1473


                                ELECTEURS                  SUFFRAGES        F.    V. GISCARD
            ■DEPARTEMENTS                      VOTAJNTS
                                 INSCRITS                   EXPRIMES    MITTERRAND D'ESTAING


    SARTHE                         345.601      303.158      294.684      149.377       145.307
    SAVOIE                         215.298      183.825       178.783        90.193      88.590
    SAVOIE (HAUTE-)                301.618      255.836       247.828     109.596       138.232
    PARIS                        1.272.583    1.051.501     1.016.525     472.078       544.447
    SEINE-MARITIME                 782.968      683.664      666.430      369.569       296.861
    SEINE-e t-MARNE                537.592      462.646      448.199      235.894       212.305
   YVELINES                        710.087      613.966      593.874      290.459       303.415
    SEVRES-(DEUX-)                 240.262.     212.401      206.209         98.088     108.121
    SOMME                          371.978      335.871      327.168      180.223       146.945
    TARN                           246.535      221.530      213.809      117.747        96.062
    TARN-et-GARONNE                137.150      122.300      118.235         66.176      52.059
    VAR                            470.622      405.902      394.549      190.825       203.724
    VAUCLUSE                       275.549      239.082      231.117      125.347       105.770
    VENDEE                         335.645      299.828      290.934      115.254       175.680
    VIENNE                         259.361      227.486      220.615      116.886       103.729
    VIENNE (HAUTE->                259.979      229.913      220.737      137'. 266      83.471
    VOSGES                         271.204      238.054      230.419      114,808       115.611
    YONNE                          216.315      188.253      182.361         91.368      90.993
    TERRITOIRE-de-BELFORT           81.291        71.328      69.287         39.094      30.193
    ESSONNE'                       594.421      513.794      496.805      280.781       216.‘024
    HAUTS-de-SEINE                 852.998      722.390      698.340      357.475       340.865
    SEINE-SAINT-DENIS              744.200      615.096      594.377      374.217       220.160
    VAL-de-MARNE                   716.410      602.183      581.704     329.901        251.803
    VAL-d’OISE                     533.823      458.974      444.166     252.447        191.719
    GUADELOUPE                     177.577        86.722      84.579         18.216      66.363
    GUYANE                          22.978        12.128      11.847         3.990        7.857
    MARTINIQUE                     187.319      103.150      100.112       19.459        80.653
    REUNION (la)                   237.122      170.008      168.042       61.899       106.143
    S t-PIERRE-et-MIOUELON           3.854         3.021       2.935           896        2.039
    MAYOTTE                         20.329        14.024      13.941         1.405       12.536
    NOUVELLE-CALEDONIE              73.076        52.718      52.289       18.039        34.250
    POLYNESIE-FRANÇAISE             78.523        49.831      48.771       11.357       37.414
    WALLIS et FUTUNA                 6.515         4.906       4.889           113       4.776
    FRANÇAIS de 1'ETRANGER         132.141      104.112      102.207       30.983        71.224




               TOTAUX           36.398.762    31.249.552   30.350.568   15.708.262    14.642.306


   ___
