                                                                                                                                                                                                                               7038
                                                                                     Développement des résultats du premier tour de scrutin
                                                                                                             NOR : HRUX8810377X


                   DEPARTEMENTS                              ELECTEURS               SUFFRAGES
             ‘!t          OU                                              VOTANTS                R. BARRE      P. JUQUIN   J.-M. LE PEN     J. CHIRAC   F. MITTERRAND   P. BOUSSEL    A. WAECHTER A. LAGUILLER   A. LAJOINIE
                                                               inscrits               exprimés
                    TERRITOIRES

            ,;6

01 - Ain.j................................................      284 999    230 959     226 668      48 082         4120            36464       43 343        71 195           836          9176         3416         10 036
02 - Aisne..............................................        365 387    306 266     299997       39 969         4181            40 220      51498        118641          1400           9 802        7368         26 918
03 - Allier..............................................       266 200    220197      214919       32 230         4583            21 801      41 821        65073            864          6443         3161         38 943
04 - Alpes-de-Haute-Provence.............                        97417      80 299      78689       12 345         2417            13156       14 436        23 895           316          3 555        1345           7 224
05 - Alpes (Hautes-)..............................               81702      66 614      65265       12 930         1865             8 941      13457         18 971           255          3475         1 156          4215
06 - Alpes-Maritimes............................                648 614    519 431     512759       76 759         7643           124281      124 581       125 028         1 191         15 533        6 006        31 737




                                                                                                                                                                                                                               JOURNAL OFFICIEL DE LA RÉPUBLIQUE FRANÇAISE
07 - Ardèche........................................            203525     168 243     164977       31409          4761            21 272      32 987        50 554           668          6825         3253         13248
08 - Ardèhnes.......................................            193 851    158136      155389       22111          2 584           23415       26928         57 793           654          5 539        3617         12748
09 - Ariège............................................         108146      88 467      86818        9 046         2751             8 936      15 781        35 946           300          3055         1857           9146
10 - Aube..............................................         192 647    156 220     151483       26929          2012            21838       31 040        51 069           598          5 302        2 869          9 826
11 - Aude..............................................         216 722    183 673     179923       18 588         4 644           24 685      31 753        72185            565          5676         3 294        18 533
12 - Aveyron.........................................           212409     179497      175 305      32429          4062            15 542      45171         58 860           682          6903         3 804          7 852
13 - Bouôhes-du-Rhône........................                 1 085 250    867 931     854539      118745         19374           225 595     126249        230 388         2 399         25118        11049         95 622
14 - Calvados.......................................            414386     339 319     333018       60 613         6811            36822       66 242       124 590         1392          13 639        7 733        15176
15 - Cantal............................................         125 241    103 563     101 737      11723          1850             7 225      38 097        32 340           273          2487         1966           5 776
16 - Charente.......................................            252 073    208149      203288       31089          4112            18081       39 768        84146            787          6547         4476         14 282
17 - Charente-Maritime........................                  380931     306 646     299939       54 219         5 858           33 497      60 534       109272          1315          11003         6 315        17 926
18 - Cher...............................................        225 337    185 246     181 212      30 034         3 810           20963       33 926        60 319           744          5873         4180         21363
19 - Corrèze..........................................          185 099    161 992     158903        7 703         5039             9418       62 257        45 965           412          3834         2 557        21 718
2A - Corse-du-Sud...............................                 92030      62 985      61 927       8 790         1 106            9174       19 650        15 996            90          1472           388          5261
2B - Cot%e (Haute-)...............................              114 551     76494       75255        9 065         2 323            9 040      22 868        23 461           107          1980           497          5914
21 - Côtô-d'Or.......................................           312 752    254 901     250238       40 075         4605            34 833      55175         89469          1238          10 244        4 733          9866
22 - Côtès-du-Nord...............................               412856     353 138     347495       59859          9 703           28627       65 718       132 970         1 191         14307         8672         26448
23 - Creuse...........................................          111 152     89163       86933        8658          2437             6 770      24 522        30 269           361          2196         1995           9 725
24 - Dordogne.......................................            302 007    257 774     251 557      30419          6 979           24682       59 791        87 846           843          8 087        4 581        28529
25 - Doubs............................................          306 829    255616      250444       39135          5414            36109       53 886        87 532         1055          12243         6439           8631
26 - Drôme............................................          274 836    225 752     221196       37 840         6 547           36 938      40 569        69 913           847         10130         4292         14120
27 - Eure...............................................        336 345    279159      272676       44 589         4 458           38288       53 637        99 559         1 191          9384         5959         15611
28 - Eurè-et-Loir....................................           256 470    213811      209405       36 879         3 307           32 245      40 427        74 834           940          7 078        4189           9 506
29 - Finistère........................................          615 226    512 056     505656       98 919        14 007           50149      105 807       180 541         1660          21604        11051         21 918
30 - Gard...............................................        394 396    325 909     319464       46 525         9420            65778       49 060        92 800         1 190         10514         5611         38 566
31 - Garonne (Haute-)...........................                587 575    478 936     470504       69 344        14 254           61877       78 996       189 847         1538          17430         9442         27 776
32 - Gers...............................................        137 959    113 734     111209       16073          2 684           11882       22 571        44651            364          4195         2175           6 614
33 - Gironde.........................................           775467     638770      627507       97 846        13 702           77180      121460        243844          2318          18951        12674         39 532
34 - Hérault...........................................         516 320    422 193     415050       56 629        14 681           82 655      71 894       129162          1526          13 867        7120         37 516
35 - llle^t-Vilaine.................................            531440     440 908     432401       88 213         9 260           37 341      90 568       162 633         1801          19 071       11236         12278
36 - Indre..............................................        181 927    152 369     147931       21 672         3137            16778       29401         55690            635          4291         3 844        12483
37 - Indre-et-Loire................................             351 108    285825      279280       52 366         5697            34155       51 106       104833          1375           9655         6 229        13864
38 - Isère...............................................       612 755    501 994     492919       83421         13991            79 338      81 850       167115          1980          22665         8 830        33729
39 - Juté................................................       173 510    143 275     140076       24415          2 790           20347       26 292        46 825           651          7497         3445           7 814
40 - Landes...........................................          233 725    199548      195604       29 273         3845            17 529      41076         82 290           578          4549         2 881        13583
41 - Loif-et-Cher...................................            216 846    183361      178605       32 550         3449            22 841      34 562        63492            721          5 579        3973         11438
42 - Lofte...............................................       477 662    380 851     373215       69 075         8429            64808       66 909       113515          1710          15141         7 574        26 054
43 - Loire (Haute-)....:...........................             156 620    129 093     126073       27 016         2912            17 751      26470         37 791           600          5 034        2 891          5 608
44 - Loire-Atlantique.............................              704725     573 653     562 105     111809         13 345           56420      111074        206 809         2 862         23 978       13449         22 359
45 - Loiret..........!..................................        364 925    305 570     298 538      54 581         5318            44 554      62 761        95 010         1253          11161         6057         17843
46 - Lot................................................        121744     103753      101401       12 285         3 038            8452       24160         39 313           377          4466         2138           7172
47 - Lot-et-Garonne..............................               224088     189102      184797       29635          4313            28485       34 239        62147            600          6431         3242          15705




                                                                                                                                                                                                                                  12 mai 1988
48 - Lozère............................................          57132      47 044      46 225       9 982         1 195            5 377      12449         12406      v     180 r        1583           800          2253
49 - Maine-et-Loire..............................               460 597    387432      376863       91498          6022            35 901      83133        122978          1683          15622         9 673         10 353
50 - Manche.........................................            340 966    281 665     276060       57 655         4210            29753       64 212        93265          1 205         11917         6 041          7 802
51 - Marne............................................          352 702    284 626     279538       48122          3 960           39 217      57 278        96 748         1081          11047         5 734         16 351
52 - Marne (Haute-)..............................               147196     119162      116285       18166          1652            18176       22 767        41 028           548          4891         2 800          6 257

                                                                                                                                                                                                                                     12 mai 1988
        9        DEPARTEMENTS
        S.            ou                                          ELECTEURS    VOTANTS      SUFFRAGES    R. BARRE    P. JUQUIN   J.-M. LE PEN   J. CHIRAC   F. MITTERRAND   P. BOUSSEL   A. WAECHTER A. LAGUILLER   A. LAJOINIE
                                                                    inscrits                 exprimés
        9         TERRITOIRES

        ■l
53 - Mayenne........................................                 196 728      167779       162 608      38 063       2 551        13346        39 235        54702             841        6604         3711          3 555
54 - Meurthe-et-Moselle......................                        469562       375727       368 383      66230        8676         54695        57 583       129 259          1684        15484         9 697        25 075
55 - Meuse...........................                                140 246      116850       114166       21029        1540         17130        20 617        40108             475        5111         2975          5181
56 - Morbihan.......................                                 443526       372208       366 068      72 011       6403         47 525       72 918       128057           1 254       14280         7666         15954
57 - Moselle.........................                                666 371      547 641      535 978      89 343       7 521       106 713       87136        178 707          2481        25855        16341         21 881
58 - Nièvre...........................                               177164       146093       143197       17831        2533         13925        24 376        63 765            520        4013         2 501        13 733
59 - Nord..............................                            1 634 459    1 360078     1 329195      207 212      20434        201 473      199 741       488 371          5 056       38 846       30 575       137487
60 - Oise...............................                             443577       374 594      367477       51639        5781         61478        65199        134132           1423        12253         8 678        26894
61 - Orne..............................                              210113       175930       172 246      33 282       2 862        20 313       40 298        58 774            645        6 907        4029          5136
62 - Pas-de-Calais................                                   985 579      840316       817 315     114054       11 751        93152       118 599       336 863          3 335       22 507       22412         94642




                                                                                                                                                                                                                                  JOURNAL OFFICIEL DE LA RÉPUBLIQUE FRANÇAISE
63 - Puy-de-Dôme................                                     401454       330982       322 984      56408       10 279        37400        63 316       110494           1 604       13021         7491         22 971
64 - Pyrénées-Atlantiques...                                         413587       341 711      335141       60678        7 787        35 817       81 986       113 375          1 072       11 428        6413         16 585
65 - Pyrénées (Hautes-).......                                       171749       138837       135 854      21 219       4232         13497        24 917        51421             485        4336         2489         13258
66 - Pyrénées-Orientales.....                                        251 898      202274       198 501      26584        4816         40738        35 354        62 341            591        6 329        3111         18 637
67 - Rhin (Bas-)....................                                 617 322      503573       493 935      91884        4321        108 350       86 906       139 247          1480        46 300        8982          6465
68 - Rhin (Haut-)..................                                  436 205      358361       350 803      63 421       2637         76158        59 880       103 851            887       32610         6 032         5327
69 - Rhône............................                               880 708      706 705      695 528     152 918      15121        125406       120 767       203 960          2415        26478        10517         37 946
70 - Saône (Haute-)..............                                    165622       139138       135 349      20 964       2 228        18748        27 237        50 658            547        5 564        3142          6 261
71 - Saône-et-Loire..............                                    396 538      316845       309 299      53137        5031         34 374       63 609       116184           1 167       10 089        5 748        19 960
72 - Sàrthe...........................                               362 926      298055       289 781      52 584       6256         27 077       55 993       110379           1 370       10 551        7 708        17 863
73 - Savoie...........................                               230132       183935       180 616      32 596       4019         27465        37 843        54852             762        9034         3 391        10 654
74 - Savoie (Haute-).............                                    336 725      270188       265 382      60 556       4305         41067        59 765        72066             899       14 294        3910          8 520
75 - Paris..............................                           1 238 623      952184       942 325     128128       25 964       126 123      297 514       277 768          3215        34 316       14 820        34477
76 - Seine-Maritime.............                                     808 059      664600       650 890     104552       13460         73 097      109137        254 044          2 842       21 820       15701         56 237
77 - Séine-et-Marne.............                                     609 181      496612       488 006      73 770       9 248        86 638       96909        161 061          2 054       18 612        8 993        30721
78 - Yvelines........................                                772804       634280       625151      115 565      12634         94100       153 090       183 684          2 209       24 713        9874         29 282
79 - Sèvres (Deux-).............                                     250 098      210519       204237       43181        3667         15299        43303         76 530          1 199        9121         5 430         6 507
80 - Somme.........................                                  381 128      326634       319 563      47 458       5 808        44 095       53 997       117217           1246         9171         8 390        32181
81 - Tam...............................                              253 432      216101       210 540      31 038       4862         31110        40 319        76917             780        8158         4 358        12998
82 - Tàm-et-Garonne............                                      145 512      122 069      119313       16350        2 522        18123        24 351        43 389            428        4692         2368          7090
83 - Var.....................................                        542 667      440097       433 521      70101        8 350       108 752       86 320       110 356          1 134       12 335        5 302        30 871
84 - Vaucluse.......................                                 304 161      255 089      249682       37 911       5 086        57 724       41 769        73445           1 002        9 240        3 954        19 551
85 - Vendée.........................                                 364447       313 778      305 641      73 397       4186         26 589       74 923        98 386          1 150       11956         6 748         8306
86 - Vienne...........................                               270 895      224460       218446       35 797       4930         20 325       47 558        82 706          1 035        8 382        4952         12 761
87 - Vienne (Haute-).............                                    262298       221 440      215 029      23614        8710         16 852       47 599        81 401            845        6 637        4941         24430
88 - Vdsges..............................                            275186       227 661      220 582      38 298       3190         32 837       42 324        78034           1009        10612         5 612         8 666
89 - Ytwfine............................                             221 190      181 773      177 801      30 639       3 010        27 966       35494         58 944            875        6451         3211         11211
90 - Territoire de Belfort......                                      84928        69547        67 921       9437        1410         11 390       11 749        24 983            350        3 589        1966          3047
91 - EsSonne........................                                 636 023      520135       511638       81 061      17 509        76656        98 927       168 543          2 094       22179         9 569        35100
92 - Héuts-de-Seine..............                                    816 777      660 647      652129      107 684      15 775        96321       161 206       189 811          2 343       23 964       10 267        44 758
93 - Seine-Saint-Denis..........                                     710 366      552 355      543 551      60 309      13 880       107 692       79419        178 928          2 284       17 768        9 846        73425
94 - Val-de-Marne.....................................               700 106      560 287      549 303      77 060      14 763        85940       106428        172 814          2 317       20 882        8976         60123
95 - Vâf-d'Oise........................                              572 242      463 008      455676       66 223      10198         82 387       82 039       151 269          2 002       17 356        8 224        35 978
GuadelotiDe...............................                           196 670       82 346       76 853       8118          317         1292        19452         42 283            140          452          602         4197
Guvanèk........................................................       30216        16921        16 356       1498          105           771        4 998         8495              38          191          148           112
Martinique.................................                          216422       124719       116938       19125          350         1365        23228         68 846            193          686          826         2 319
Réunion (La)..............................                           292 622      215473       211 111      51 733       1299          3740        36850        107 976            673        1651         1826          5 363
Saint-Pierre-et-Miquelon.......                                        4426         2480         2150          304          20           106          752           693             14          181           60            20
Mayotte......................................                         22 254       15365        15222        8 352          89           196        5615            610             54           37           79           190
Nouvelle-Calédonie..................                                  88 223       51309        50 805       3123           92         6 297       37 915         2 532             79          306          293           168
Polynésie française....................................              107984        60 585       59 381       5 992         304         1728        23700         26051             145          555          394           512
Wallis et Futuna                   ...... .............                8 316        6020         6 013       2 364           4            37        3143            434             7           12            10             2
Français-de l'étranger...........                                    163296       102 516      101904       19987        1640          9 745       35650         29 004           175         3933           865           905




                                                                                                                                                                                                                                  7039
             Total.........................                       38 179118    31 059300    30436744     5 035144      639133      4376742       6075 160     10 381 332       116 874     1 149897      606201       2 056 261

    7040                                                    JOURNAL OFFICIEL DE LA RÉPUBLIQUE FRANÇAISE                                   12 mai 1988




                                                             Développement des résultats du second tour de scrutin
                                                                                    NOR : HRUX8810379X




                  Départements                                       Electeu rs                          Suffrages       • F rançois    Jacques
                       OU                                                             • Votants
                   Terri toi res                                         inscrits                         exprimés       MITTERRAND     CHIRAC




     01 AIN..............................................                285.010         240.362           231.916            114.295     117.621

     02 AISNE...............................................             365.303         315.620           304.563            187.700     116.863

     03 ALLIER............................................               266.177         226.054           217.058            125.709      91.349

     04 ALPES-DE-HAUTE-PROVENCE                                            97.378         83.803            80.347             42.645      37.702
                                                                                                                     s

     05 ALPES (HAUTES-)...................                                 81.739          70.647           68.137             33.847      34.290

     06 ALPES-MARITIMES...................                                648.574        535.810           519.001            212.528     306.473

     07 ARDECHE.........................................                 203.485         175.279           169.289             88.528      80.761

     08 ARDENNES......................................               .    193.795        164.533           158.978        -    94.642      64.336

     09 ARIEGE............................................                108.104         93.814            90.832             58.073      32.759

     10 AUBE..................................................            192.309        161.569           155.265             81.118      74. M7

     11 AUDE.................................................             216.655        190.189           182.454            111.709      70.745

     12 AVEYRON.........................................                  212.348        187.707           182.029             91.943      90.086

     13 BOUCHES-:DU-RHONE.................                           1.085.148           888.460           850.205            429.190     421.015

     14 CALVADOS.......................................                   414.263        350.122           339.420            189.458     149.962

     15 CANTAL............................................                125.187        109.122           106.661             48.754      57.907

     16 CHARENTE.......................................                   252.056        216.405           209.466            125.330      84'. 136

     17 CHARENTE-MARITIME..............                                   380.808        319.576           309.163            168.163     141.000

     18 CHER..................................................            225.184        191.170           183.656            104.805      78.851

     19 CORREZE.........................................                  184.963        167.185           162.095             82.497      79.598

     2A CORSE-DU-SUD...........................                            91.995          70.789           69.206             29.466      39.740

     2B CORSE (HAUTE-).............. '. . .                               114.465          87.116           85.361             41.261      44.100

     21 COTE-D'OR....................................                     312.695        266.360           257.573            135.472     122.101

     22 COTES-DU-NORD.........................                            412.712        365.513           349.753            207.677     142.076

     23 CREUSE............................................                111.097          93.845           90.884             50.811      40.073




L                               1                                1

12 mai 1988                                            JOURNAL OFFICIEL DE LA RÉPUBLIQUE FRANÇAISE                       7041




              Départements                                    El ecteurs              Suffrages    François    Jacques
                   ou                                                      Votants
               Terri toi res                                   inscrits                exprimés   MITTERRAND   CHIRAC
                                                                »



 24 DORDOGNE......................................              301.880*    267.404     258.138      146.156     111.982

 25 DOUBS..............................................         306.721     266.099     256.532      137.136     119.396

 26 DROME............................................... *      274.955     234.183     225.302      118.236     107.066

 27 EURE.................................................       336.157     287.050     277.056      153.981     123.075

 28 EURE-ET-LOIR...........................                     256.469     220.051     211.943      113.994      97.949

 29 FINISTERE....................................               615.115     529.648     515.425      280.287     235.138

 30 GARD.................................................       394.448     335.686     320.306      174.078     146.228

 31 GARONNE (HAUTE-).................                           587.518     498.141     481.134      287.139     193.995

 32 GERS.................................................       137.964     119.494     115.525       66.456      49.069

 33 GIRONDE.........................................            775.215     658.282     637.254      362.978     274.276

 34 HERAULT.........................................            516.220     439.565     423.039      225.556     197.483
                         il
 35 ILLE-ET-VILAINE...................                          531.313     457.481     444.457      240.984     203.473

 36 INDRE..............................................         181.887     157.964     151.465       88.650      62.815

 37 INDRE-ET-LOIRE......................                        351.029     295.005     284.254      159.212     125.042

 38 ISERE..............................................         612.725     520.312     501.490      278.841     222.649

 39 JURA.................................................       173.384     150.265     144.058       78.297      65.761 '

 40 LANDES............................................          233.660     205.659     199.496      115.012      84.484

 41 LOIR-ET-CHER...........................                     216.783     188.659     181.360       99.674      81.686

 42 LOIRE..............................................         477.541     394.733     379.159      196.872     182.287

 43 LOIRE (HAUTE-)...................                           156.669     135.309     130.310       63.534      66.776

 44 LOIRE-ATLANTIQUE................                            704.534     591.307     571.944      313.263     258.681

 45 LOIRET............................................          364.738     314.665     302.035      154.224     147.811

 46 LOT....................................................     121.744     108.613     105.158       60.953      44.205

 47 LOT-ET-GARONNE......................                        224.014     195.068     187.265      101.157      86.108
                                                                              f

 48 LOZERE................ .........................             57.111      49.947      48.556       20.908      27.648

 49 MAINE-ET-LOIRE......................                        460.544     395.553     381.116      186.672     194.444

 50 MANCHE............................................*         340.887     290.829     282.166      139.093     143.073

 51 MARNE..............................................         352.619     294.961     284.641      153.323     131.318

 52 MARNE (HAUTE-)......................                        147.146     123.854     119.082       65.120      53.962

 53 MAYENNE.........................................            196.587     171.513     165.551       79.839      85.712

 54 MEURTHE-ET-MOSELLE...........                               469.317     387.798     372.939      217.371     155.568

 55 MEUSE...............................................        140.223     120.795     116.234       62.443      53.791

 56 MORBIHAN......................................              443.338     381.308     370.009      195.948     174.061
           *




                                                         i                                4.

7042                                                   JOURNAL OFFICIEL DE LA RÉPUBLIQUE FRANÇAISE               12 mai 1988




              Départements                                    Electeurs               Suffrages    François    Jacques
                   ou                                                     Votants
               Terri toi res                                   inscrits                exprimés   MITTERRAND   CHIRAC




 57 MOSELLE.........................................            666.352    558.710      534.025      297.217     236.808

 58 NIEVRE............................................          177.107     151.975     146.914       93.967      52.947

 59 NORD.................................................     1.634.341   1.385.909   1.330.483      805.236     525.247

 60 OISE.................................................       443.430    383.088      368.622      214.255     154.367

 61 ORNE..................................................      210.079     181.767     175.973       89.282      86.691

 62 PAS-DE-CALAIS.........................                      985.481    853.067      818.309      529.208     289.101

 63 PUY-DE-DOME..............................                   401.047    345.084      332.023      182.213     149.810

 64 PYRENEES-ATLANTIQUES...                                     413.388    354.551      343.560      172.167     171.393

 65 PYRENEES (HAUTES-)...........                               171.714     145.276     140.269       83.196      57.073

 66 PYRENEES-ORIENTALES____                                     251.842     211.892     204.034      107.359      96.675

 67 RHIN (BAS-)..............................                   617.036     511.763     488.628      236.450     252.178

 68 RHIN (HAUT-)............................                    436.093     363.050     345.895      173.479     172.416

 69 RHONE...............................................        880.679     726.012     697.686      338.075     359.611

 70 SAONE (HAUTE-)......................                        165.563     146.024     139.964       77.165      62.799

 71 SAONE-ET-LOIRE......................                        396.427     330.409     318.512      176.335     142.177

 72 SARTHE............................................          362.781     307.321     296.104      171.521     124.583

 73 SAVOIE............................................          230.101     192.507     186.122       93.402      92.720

 74 SAVOIE (HAUTE-)...................                          336.653     281.806     272.195      118.823     153.372

 75 PARIS...............................................      1.238.762     993.698     968.663      439.007     529.656

 76 SEINE-MARITIME......................                        807.671     680.781     657.122      398.619     258.503

 77 SEINE-ET-MARNE......................                        609.053     510.694     490.358      260.125     230.233

 78 YVELINES......................................              772.371     651.153     628.633      294.723     333.910

 79 SEVRES (DEUX-)......................                        250.082     216.436     208.701      112.010      96.691

 80 SOMME...............................................        380.852     335.551     323.547      194.270     129.277

 81 TARN.................................................       253.361     224.416     215.556      119.359      96.197

 82 TARN-ET-GARONNE...................                          145.346     127.530     122.882       67.550      55.332

 83 VAR....................................................     542.587     455.253     438.652      191.555     247.097

 84 VAUCLUSE......................................              304.082     261.450     249.327      125.511     123.816

 85 VENDEE............................................          364.404     319.426     309.091      142.380     166.711

 86 VIENNE............................................          270.800     232.683     224.553      126.209      98.344

 87 VIENNE (HAUTE-)...................                          262.264     228.710     219.234      135.927      83.307

 88 VOSGES............................................          275.142     235.925     224.994      123.281     101.713

 89 YONNE...............................................        221.019     188.995     181.808       94.803      87.005

12 mai 1988                                             JOURNAL OFFICIEL DE LA RÉPUBLIQUE FRANÇAISE                           7043




               Départements                                    Electeurs                  Suffrages    F rançois    Jacques
                    ou                                                        Votants
                Terri toi res                                   inscrits                   exprimés   MITTERRAND     CHIRAC




 90 TERRITOIRE-DE-BELFORT..                                       84.899        72.856       69.443       39.956       29.487

 91 ESSONNE.........................................             635.963       534.461      513.752      282.319      231.433

 92 HAUTS-DE-SEINE......................                         816.648       682.184      659.606      320.304      339.302

 93 SEINE-SAINT-DENIS..............                              710.131       562.448      536.830      327.005      209.825

 94 VAL-DE-MARNE...........................                      699.619       572.097      549.418      304.475      244.943

 95 VAL-D'OISE.................................                  572.121       474.028      455.185      252.766      202.419

 GUADELOUPE.........................................             197.740       103.011       98.852       68.610       30.242

 GUYANE....................................................       30.207        19.182       18.697       11.291        7.406

MARTINIQUE.........................................              215.218       134.675      129.114       91.531       37.583

 REUNION (LA)....................................                292.827       232.963      229.096      137.993       91.103

 SAINT-PIERRE ET MIQUELON..                                         4.422        3.171        2.962        1.297        1.665
                                                                  *
MAYOTTE.................................................          22.263        12.535       12.416        6.288        6.128

NOUVELLE-CALEDONIE...................                             88.223        54.290       54.223        5.196       49.027

 POLYNESIE-FRANÇAISE.................                            107.962        64.114       63.131       34.386       28.745

WALLIS ET FUTUNA.........................                          8.315         6.412        6.387        1.694        4.693

 FRANÇAIS DE L'ETRANGER____                                      162.496       105.481      103.987       41.481       62.506




                       TOTAL...................               38.168.869    32.085.071   30.923.249   16.704.279   14.218.970
