                                                                                           ANNEXE




                                                                                                                                                                                               8152
                                                    Présentation détaillée des résultats du premier tour de l’élection présidentielle 1995
code departement




                                                                                     1 - DE                                                              4-                    5-
                    nom du département   inscrits         votants     exprimés                          2 - LE PEN             3 - CHIRAC
                                                                                   VILLIERS                                                           LAGU1LLER            CHEMINADE


   01 AIN                                  314 259         251 533      243 797       13 118   5,38%        48417     19,86%       46 891    19,23%       11 918   4,89%        686    0,28%
   02 AISNE                                371 939          301 990     294 084       13819    4,70%        52 026    17,69%       53 422    18,17%       17 053   5,80%        845    0,29%
   03 ALLIER                               264 005         211 876      204 147        9 650   4,73%        22 928    11,23%       44 190    21,65%       9763     4,78%        557    0,27%
    04 ALPES-DE-HAUTE-PROVENCE             103 874           82 761      80 056        4 186   5,23%         12 642   15,79%       14 709    18,37%       4211     5,26%        269    0,34%
   05 HAUTES-ALPES                          88 719           70 726      68 355        3 743   5,48%          8711    12,74%       13 862    20,28%        3 505   5,13%        229    0,34%
                                           680 716          514 372     505 029       22 786   4,51%        113 542   22,48%      113 545




                                                                                                                                                                                               JOURNAL OFFICIEL DE LA RÉPUBLIQUE FRANÇAISE
   06 ALPES-MARITIMES                                                                                                                        22,48%       18662    3,70%       1 064   0,21%
    07 ARDECHE                             211 247          171 292      166 040       8 372   5,04%        23 548    14,18%       30 055    18,10%        8 986   5,41%        531    0,32%
    08 ARDENNES                            194 299          152 424      148 791       6 985   4,69%        26 836    18,04%       26 091    17,54%        7 956   5,35%        377    0,25%
    09 ARIEGE                              108 226           88 265      85 602        2 833   3,31%          8 984   10,50%       14 276    16.68%       4 263    4,98%        287    0,34%
       10 AUBE                             192 789          155 156      150 763       8 998   5,97%        27 567    18,28%       31 585    20,95%        7135    4,73%        440    0,29%
       11 AUDE                             225 975          186 986      181 783       7 107   3,91%    .   24 643    13,56%       33 039    18,17%        8 887   4,89%        459    0,25%
       12 AVEYRON                          212 792          177 548      171 404       7 643   4,46%         14 586    8,51%       44 609    26,03%        8 101   4,73%        518    0,30%
       13 BOUCHES-DU-RHONE               l 108 944          849 628     829 757       30 291   3,65%        177 779   21,43%      140 160    16,89%      41462     5,00%       1 896   0,23%
       14 CALVADOS                         437 282          352 337     342 802       17 041   4,97%        42 456    12,38%       68 652    20,03%      22 959    6,70%       1 021   0,30%
        15 CANTAL                          125 662          102 301       99 668       3 390   3,40%         7 092     7,12%       40 848    40,98%       4 112    4,13%         339   0,34%
        16 CHARENTE                        254 536          203 521      196 166      12 202   6,22%        20 030    10,21%       41 353    21,08%      10 284    5,24%         636   0,32%
        17 CHARENTE-MARITIME               397 086          313 513      303 498      23 688   7,80%        34 327    11,31%       60 687    20,00%       14 721   4,85%        953    0,31%
         18 CHER                           228 986          182 012      175 975       8 671   4,93%         23 823   13,54%       35 663    20,27%        9562    5,43%        559    0,32%
      19 CORREZE                           185 134          158 857      155 436       3 035   *1,95%         7 122    4,58%       76 632    49,30%        5 323   3,42%        339    0,22%
     2A CORSE-DU-SUD                         81 100          54 854      53 868        1 222   2,27%          6 251   11,60%        16 382   30,41%        1636    3.04%         145   0,27%
      2B HAUTE-CORSE                         98 947          65 746      64313         1 423   2,21%          6 321    9,83%       20 199    31,41%        1 965   3,06%         167   0,26%
        21 COTE-D'OR                       326 948          261 602     254 559       13 202   5,19%         40313    15,84%       53 342    20,95%       13 091   5,14%        627    0,25%
        22 COTES-D'ARMOR                   420 696          351 393      342 737      12617    3,68%         30 282    8,84%       65 565    19,13%       18 807   5,49%        847    0,25%
        23 CREUSE                           105 801          83 764       81 008       2811    3,47%          5 694    7,03%       27 984    34,54%        3453    4,26%        231    0,29%
         24 DORDOGNE                       303 089          251 837      242 724      12 352   5,09%         21 268    8,76%       61 708    25,42%       10620    4,38%        719    0,30%
         25 DOUBS                          325 938          266 652      259 253      12 180   4,70%         39 923   15,40%       53 716    20.72%       14 003   5,40%        673    0,26%
        26 DROME                           292 297          234 054      227 192      12 475   5,49%         39 438   17,36%       38 526    16,96%       Il 957   5,26%        714    0,31%
        27 EURE                            359 333          290 809      282 571      14 790   5,23%         51 898   18,37%       55 050    19,48%       16043    5,68%         871   0,31%
        28 EURE-ET-LOIR                    273 171          219421       213 390      13 194   6,18%         38 883   18,22%       40 155    18,82%       10 822   5,07%        522    0,24%
        29 FINISTERE                       625 570          510 067      498 966      19 188   3,85%         45 911    9,20%       108 697   21,78%       30 313   6,08%       1 200   0,24%
         30 GARD                           420 184          338 050      329 047      14 737   4,48%         66 729   20,28%       53 159    16,16%       16 973   5,16%         793   0,24%
          31 HAUTE-GARONNE                 654 466          532 483      516 398      17 847   3,46%         65 200   12,63%       94 453    18,29%       31249    6,05%       I 387   0,27%
          32 GERS                           136 625         111 988      107 827       6 054   5,61%         10059     9,33%       22 905    21,24%        5 202   4,82%        389    0,36%




                                                                                                                                                                                               14maM995
           33 GIRONDE                      827 396          664 307      646 417      29 772   4,61%         82 612   12,78%      126 026    19,50%       38 431   5,95%       1 747   0,27%
           34 HERAULT                      576 774          464 410      452 703      18 636   4,12%         85 843   18,96%       80 144    17,70%       23 620   5,22%        998    0,22%
            35 ILLE-ET-VILAINE              581 428         476 907      463 324      20 762   4,48%         41 594    8,98%       97 480    21,04%      30 188    6,52%       I 150   0,25%

                              Présentation détaillée des résultats du premier tour de l’élection présidentielle 1995




                                                                                                                                                       14 mai 1995
code departement
                                                                                                      8-
                   nom du département            6 - JOSPIN               7 - VOYNET                                    9-HUE                total
                                                                                                   BALLADUR


   01 AIN                                              49 970    20,50%          9 534   . 3,91%      48 264   19,80%    •14 999   6,15%    243 797
   02 AISNE                                            71 700    24,38%          7 136    2,43%       45 951   15,63%    32 132    10,93%   294 084
   03 ALLIER                                           45 190    22,14%          5 654    2,77%       34 255   16,78%    31 960 . 15,66%    204 147
    04 ALPES-DE-HAUTE-PROVENCE                       - 18 169    22,70%          3 353    4,19%       13 585   16,97%      8 932   11,16%   80 056
    05 HAUTES-ALPES                                    15 005    21,95%          3413     4,99%       13 990   20,47%     5 897    8,63%    68 355
    06 •ALPES-MA RJTIMES                              •82 645    16,36%         13 724    2,72%      104 788   20,75%    34 273    6,79%    505 029




                                                                                                                                                      JOURNAL OFFICIEL DE LA RÉPUBLIQUE FRANÇAISE
    07 ARDECHE                                         38 151    22,98%          6 524    3,93%       33 326   20,07%     16 547   9,97%    166 040
    08 ARDENNES                                        36 149    24,30%          4 094    2,75%       26217    17,62%     14 086   9,47%    148 791
    09 ARJEGE                                          28 938    33,81%          3 004   . 3,51%      12 352   14,43%     10 665   12,46%   85 602
       10 AUBE                                        . 30 342   20,13%          4 190    2,78%       28 672   19,02%     11 834   T,85%    150 763
       11 AUDE                                         56613     31,14%          4 901    2,70%       24 997   13,75%    21 137    11,63%   181 783
       12 AVEYRON                                      42 115    24,57%          5 881    3,43%       36 077   21,05%     Il 874   6,93%    171 404
       13 BOUCHES-DU-RHONE                            169 139    20,38%         23 287    2,81%      147 713   17,80%    98 030    11,81%   829 757
       14 CALVADOS                                     81 655    23,82%         12 509    3,65%       71 486   20,85%    25 023    7,30%    342 802
       15 CANTAL          *                            20 964    21,03%          2 061    2,07%       14 046   14,09%     6816     6,84%    99 668
       16 CHARÊNTE                                     55 088    28,08%     .    6 108    3,11%       32 035   16,33%    18 430    9,40%    196 166
       17 CHARENTE-MARITIME                            74 907    24,68%          9 999    3,29%       58 549   19,29%    25 667    8,46%    303 498
       18 CHER                                         36 727    20,87%          5 064    2,88%       31 672   18,00%    24 234    13,77%   175 975
       19 CORREZE                                      30 869    19,86%          3217     2,07%        7 170    4,61%    21 729    13,98%   155 436
   2A CORSE-DU-SUD                                      9 734    18,07%          I 427    2,65%       12 165   22,58%     4 906    9,11%    53 868
   2B HAUTE-CORSE                                      14 502    22,55%          1 569    2,44%       11 634   18,09%      6 533   10,16%   64 313
    21 COTE-D'OR                                       60 225    23,66%         10 138    3,98%       47 812   18,78%     15 809    6,21%   254 559
    22 COTES-D'ARMOR                                   94 522    27,58%         12 760    3,72%       68 951   20,12%    38 386    11,20%   342 737
     23 CREUSE                                         20 091    24,80%          2 238    2,76%        8 900   10,99%      9 606   11,86%   81 008
    24 DORDOGNE                                        60 811    25,05%          7213     2,97%       33 680   13,88%    34 353    14,15%   242 724
     25 DOUBS                                          64 277    24,79%         12 852    4,96%       47 708   18,40%     13 921   5,37%    259 253
     26 DROME                                          53 162    23,40%          9 845    4,33%       42 532   18,72%     18 543   8,16%    227 192
     27 EURE                                           58 464    20,69%          8 560    3,03%       52 784   18,68%    24 111    8,53%    282 571
      28 EURE-ET-LOIR                                  45 602    21,37%          6281     2,94%       43 443   20,36%     14 488   6,79%    213 390
      29 FINISTERE                                    130 415    26,14%         20 970    4,20%      105 061   21,06%    37 211    7,46%    498 966
                                                 f
      30 GARD                                          70 874    21,54%          9 823    2,99%       53 776   16,34%    42 183    12,82%   329 047
                                        1   !_
      31 HAUTE-GARONNE                               J 64 580    31,87%         18 877    3,66%       82 702   16,02%    40 103    7,77%    516 398
      32 GERS                                          31 813    29,50%          3 406    3,16%       19 0p8   17,63%     8 991    8,34%    107 827
      33 GIRONDE                                      179 050    27,70%         19471     3,01%      114 546   17,72%    54 762    8,47%    646 417
       34 HERAULt                                     109 366    24,16%         14710     3,25%       73 038   16,13%    46 348    10,24%   452 703




                                                                                                                                                      8153
       35 ILLE-ET-VILAINE                             118 780    25,64%         20 062    4,33%      104 104   22,47%    29 204    6,30%    463 324

                                                                                                                                                                                                     8154
                                                      Présentation détaillée des résultats du premier tour de l’élection présidentielle 1995
code departement




                                                                                        1 - DE                                                              4-                    5-
                      nom du département   inscrits         votants      exprimés                          2 - LE PEN             3 - CHIRAC
                                                                                      VILLIERS                                                           LAGUILLER            CHEMINADE



     36 INDRE                                   180 705       140 250      134 485        7 955    5,92%       17 479    13,00%       28 838    21,44%       6 901    5,13%         446     0,33%
     37 INDRE-ET-LOIRE                         369 265        294 810      285 450       17 904    6,27%       37 034    12,97%       51 617    18,08%       15 172   5,32%         826     0,29%
     38 ISERE                                  672 788        536 608      521 631       22 587    4,33%       91 156    17,48%       82 311    15,78%      31 264    5,99%       1 337     0,26%
     39 JURA                                    177 806       144 979      140 045        7 581    5,41%       21 646    15,46%       24 270    17,33%        7 435   5,31%         376     0,27%
     40 i LANDES                               244 917        202 418      195 836        8 228    4,20%       17 425    8,90%        41 472    21,18%        8 294   4,24%         520     0,27%




                                                                                                                                                                                                     JOURNAL OFFICIEL DE LA RÉPUBLIQUE FRANÇAISE
    41 iLOIR-ET-CHER                           228 208        186 321       180 026      13 288    7,38%       27 653    15,36%       31 800    17,66%        8 879   4,93%         497     0,28%
     42 ! LOI RE                                486 507       380 137      369 468       18 088    4,90%       77 933    21,09%       65 102    17,62%       18681    5,06%         939     0,25%
     43 iHAUTE-LOIRE                            159 947       130 280       125 810       6 822    5,42%       19 880    15,80%       28 843    22,93%        6 867   5,46%         410     0,33%
     44 jLOIRE-ATLANTIQUE                       769 340       618 952      600 339       41 819    6,97%       57 669     9,61%      111 078    18,50%       37 196   6,20%        1 665    0,28%
     45 |L01RET                                 395 218       320 426      310 844       18 192    5,85%       49 198    15,83%       63 637    20,47%       15 641   5,03%         918     0,30%
      46 ILOT                                   124 755       105 071       101 463       4418     4,35%        7819      7,71%       25 663    25,29%        5 093   5,02%         301     0,30%
      47 LOT-ET-GARONNE                         224 985       185 012       178 755      11 231    6,28%       26 345    14,74%       36 091    20,19%        8 908   4,98%         542     0,30%
      48 LOZERE                                  57 701     .. 48 161        46 920       1 847    3,94%        4512      9,62%       12 594    26,84%        1 937   4,13%         140     0,30%
      49 MAINE-ET-LOIRE                         489715        404 960       389 748      34 982    8,98%       39 333    10,09%       78 077    20,03%       20 837   5,35%        I 153   . 0,30%
       50 MANCHE                                35 8 648      281 239      273 545       14 541    5,32%       30419     11,12%       65 792    24,05%       15 443   5,65%          912     0,33%
       51 MARNE                                 366 487       285 862      278 999       14 655    5,25%       49 161    17,62%       58 141    20,84%     ' 16 240   5,82%         802      0,29%
       52 HAUTE-MARNE-                          145 981       114 834      111 197        5 547    4,99%       22 624    20,35%       21 843    19,64%        5 899   5,30%         387     0,35%
        53 MAYENNE                              206 397       171 952       165 257      10 628    6,43%       15 645     9,47%       39 104    23,66%        8513    5,15%         529     0,32%
        54 MEURTHE-ET-MOSELLE                   470 685       369 740       360 232      14 177    3,94%       65 291    18,12%       63 832    17,72%       23 313   6,47%         977     0,27%
         55 MEUSE                               140 834       113 257       110 039       5 572    5,06%       21 741    19,76%        19 121   17,38%        5 853   5,32%         351     0,32%
         56 MORBIHAN                            472 281       389 821       380 036       15 436   4,06%       52 369    13,78%       75 872    19,96%       20 296   5,34%          858    0,23%
          57 MOSELLE                            690 386       540 538       524 999       18 763   3,57%      125 065    23,82%       90 174    17,18%       33 762   6,43%        1 516    0,29%
          58 NIEVRE                             173 997       138 823       134 349       5 663    4,22%        15 959   11,88%       24 237    18,04%        6 026   4,49%         369     0,27%
          59 NORD                              1 677 860     1337 944     1 302 277      52 639    4,04%      236 730    18,18%      219467     16,85%       73 270   5,63%       3 145     0,24%
          60 OISE                               488 437       397 438       387 762       17 822   4,60%       79415     20,48%       76 390    19,70%       23 270   6,00%        1111     0,29%
          61 ORNE        -                      213 690       174 856       169 886       10051    5,92%       25 161    14,81%       39 387    23,18%        9 008   5,30%         523     0,31%
          62 PAS-DE-CALAIS                     1 016 298      828 064       799 797     . 34 085   4,26%      121 652    15,21%       135 197   16,90%       49 308   6,17%       2 081     0,26%
          63 'PUY-DE-DOME                       415 645       339 055       327 349       13 487   4,12%       36019     11,00%       73 590    22,48%       22 638   6,92%         973     0,30%
          64 j PYRENEES-ATLANTIQUES             432 701       345 280       333 929       13 326   3,99%       32 100     9,61%       76 946    23,04%       18 642   5,58%        ÿ 927    0,28%
           65 |HAUTES-PYRENEES                  173 682       138 861       133 878        5 065   3,78%        12 559    9,38%       26 807    20,02%        7 099   5,30%         395     0,30%
           66 j PYRENEES-ORIENTALES             266 855       212 058       206 634        9000    4,36%       40 187    19,45%        39 282   19,01%       10 084   4,88%         453     0,22%
           67 j BAS-RH IN                  -    653 671.      518 931       505 329      21 725    4,30%       130 548   25,83%        84 046   16,63%       24 227   4,79%        1 618    0,32%
             68 HAUT-RHIN                       458 432       365 774       355 278       15 530   4,37%       88 100    24,80%        59413    16,72%       17 980   5,06%        I 132    0,32%




                                                                                                                                                                                                      14 mai 1995
             69 RHONE                           922 695       739 828       722 974       30 993   4,29%       138 401   19,14%       133 847   18,51%       36 871   5,10%        1 828    0,25%
              70 HAUTE-SAONE                     170 138       139 347      134 311        6 646   4,95%       22 440    16,71%       26 407    19,66%        6 755   5,03%         381     0,28%
               71 SAONE-ET-LOIRE                 399 842      314 427       302 560       15 874   5,25%       40 069    13,24%       61 438    20,31%       14 634   4,84%         802     0,27%

                                                                                                                                                  14 mai 1995
                             Présentation détaillée des résultats du premier tour de l’élection présidentielle 1995




code département
                                                                                             8-
                   nom du département      6 - JOSPIN              7 - VOYNET                                   9 - HUE               total
                                                                                          BALLADUR


    36 INDRE                                   31 706     23,58%          3 892   2,89%      22 885    17,02%      14 383   10,69%   134 485
    37 INDRE-ET-LOIRE                          70 285     24,62%         10 349   3,63%      60 546    21,21%     21 717    7,61%    285 450
     38 ISERE                                 131 417     25,19%         22 888   4,39%      93 629    17,95%     45 042    8,63%    521 631
     39 JURA                                   30 638     21,88%          8 227   5,87%      28 339    20,24%      11 533   8,24%    140 045
     40 landes                                 62 598     31,96%          4 340   2,22%      34 299    17,51%      18 660   9,53%    195 836
     41 LOIR-ET-CHER                           40 834     22,68%     *    5 540   3,08%      36 165    20,09%      15 370   8,54%    180 026




                                                                                                                                                 JOURNAL OFFICIEL DE LA RÉPUBLIQUE FRANÇAISE
      42 LOIRE                                 75 408     20,41%         12 433   3,37%      69 527    18,82%     31 357    8,49%    369 468
     43 HAUTE-LOIRE                            25 528     20,29%          4 184   3,33%      24 888    19,78%       8 388   6,67%    125 810
     44 |L0IRE-ATLANT1QUE                     157016      26,15%         25 261   4,21%      125 494   20,90%     43 141    7,19%    600 339
      45 jLOIRET                               65 197     20,97%         10 428   3,35%      62 526    20,11%     25 107     8,08%   310 844
      46 LOT                                   29 421     29,00%          3711    3,66%       13 934   13,73%      11 103   10.94%   101 463
      47 LOT-ET-GARONNE                        41 867     23,42%          5 384   3,01%      29 377    16,43%      19010    10,63%   178 755
      48 LOZERE                               * 9 645     20,56%          1 522   3,24%       11 423   24,35%       3 300    7,03%   46 920
      49 MAINE-ET-LOIRE                        81 544     20,92%         14 721   3,78%      97 763    25,08%      21 338    5,47%   389 748
       50 MANCHE                               55 225     20,19%          9 250   3,38%      66015     24,13%      15 948    5,83%   273 545
       51 MARNE                                57 380     20,57%          9 204   3,30%       52 591   18,85%      20 825    7,46%   278 999
       52 HAUTE-MARNE                          23 394     21,04%          3 923   3,53%       19 891   17,89%       7 689    6,91%   111 197
       53 MAYENNE                              32615      19,74%          6210    3,76%       44 224   26,76%       7 789    4,71%   165 257
       54 MEURTHE-ET-MOSELLE                 ' 85 039     23,61%         12 457   3,46%       65 107   18,07%      30 039    8,34%   360 232
        55 MEUSE                               23 388     21,25%          3 988   3,62%       23 467   21,33%       6 558    5,96%   110 039
        56 MORBIHAN                            86 034     22,64%         13 229   3,48%       88 820   23,37%      27 122    7,14%   380 036
        57 MOSELLE                            101 858     19,40%         16 295   3,10%      107 475   20,47%      30 091    5,73%   524 999
        58 NIEVRE                              40 340     30,03%          3 522   2,62%       21 242   15,81%      16 991   12,65%   134 349
         59 NORD                              302 492     23,23%         30 965   2,38%      228 281   17,53%     155 288   11,92%   1 302 277
        60 OISE                                80 690     20,81%         11 516   2,97%       62 055   16,00%      35 493    9,15%   387 762
        61 ORNE                                33 657     19,81%          5 860   3,45%       36 662   21,58%       9 577    5,64%   169 886
        62 PAS-DE-CALAIS                      201 278     25,17%         17 295   2,16%      127 732   15,97%     111 169   13,90%   799 797
         63 PUY-DE-DOME                        83 082     25,38%         11 320   3,46%       54 978   16,79%      31 262    9,55%   327 349
         64 PYRENEES-ATLANTIQUES                85 451    25,59%         12 176   3,65%       70 655   21,16%      23 706    7,10%   333 929
         65 HAUTES-PYRENEES                     37 936    28,34%          4 251   3,18%       23 560   17,60%      16 206   12,11%   133 878
         66 PYRENEES-ORIENTALES                47 587     23,03%          5 600   2,71%       32 454   15,71%      21 987   10,64%   206 634
          67 BAS-RHIN                           84 491    16,72%         19291    3,82%      124 954   24,73%      14 429    2,86%   505 329
          68 HAUT-RHIN                          60 712    17,09%         13 643   3,84%       86 111   24,24%      12 657    3,56%   355 278
          69 RHONE                             156 922    21,71%         27 389   3,79%      149 259   20,65%      47 464    6,57%   722 974
           70 HAUTE-SAONE                       33 51 1   24,95%          5 058   3,77%       24 309   18,10%       8 804    6,55%    134 311




                                                                                                                                                 8155
           71 SAONE-ET-LOIRE                    75 288    24,88%          9 039   2,99%       57 796   19,10%      27 620    9,13%   302 560

                                                                                                                                                                                                                       8156
                                                              Présentation détaillée des résultats du premier tour de l’élection présidentielle 1995


I i                                  .
II                                                                                                      1 - DE                                                                4-                     5-
 g. ;                         nom du département   inscrits         votants           exprimés                              2 - LE PEN             3-CHIRAC
■ë :                                                                                                  VILLIERS                                                             LAGU1LLER             CHEM1NADE
 y i
”8  i
 XJ i                                                                                                                                                                                      î
 72 iSARTHE                                          378 616            304 472            292 604       17 897    6,12%        33 445    11,43%      54 907     18,76%        17 368   5,94%          937    0,32%
73 (SAVOIE                                           249 353            199 382            194 038        9 895    5,10%        32 644    16,82%      36 186     18,65%        10 275   5,30%          524    0,27%
74 ;HAUTE-SAVOIE                                     385 732            307 197            298 515       16 087    5,39%        49 055    16,43%      59 826    20,04%         14 656   4,91%          871    0,29%
 75 PARIS                                          1 168 036            856 512            842 664       21 923    2,60%        77 909     9,25%     271 281    32,19%        40 693    4,83%        1 658    0,20%
 76 SEINE-MARITIME                                   831 766            662 374            644 130       24 811    3,85%       101 722    15,79%      109 160    16,95%       41 689    6,47%        1 687    0,26%
 77 SEINE-ET-MARNE                                   691 005            522 411            510489        23 640    4,63%        93 931    18,40%      116 148   22,75%        28 251    5,53%        1 296    0,25%




                                                                                                                                                                                                                       JOURNAL OFFICIEL DE LA REPUBLIQUE FRANÇAISE
 78 jYVELINES                                        822 940            634 622            621 393-      27 560    4,44%        85 656    13,78%      161 243   25,95%         30 432   4,90%        1 458    0,23%
 79 (DEUX-SEVRES                                     259 259            211 650            203 274       18411     9,06%        15 008     7,38%      44 343    21,81%         Il 600   5,71%          676     0,33%
 80 ; SOMME                                          391 302            323 790            314 514       16 142    5,13%        47 928    15,24%      59 293     18,85%        18 431   5,86%          876     0.28%
 81 TARN                                             257 291            215 534            207 477       10 200    4,92%        26 860    12,95%      40 762     19,65%        10 366   5,00%          613     0,30%
•82 (TARN-ET-GARONNE                                 151 233            125 216            121 294        7 532    6,21%        19 125    15,77%      24 192     19,94%         5 851   4,82%          405     0.33%
 83 jVAR                                             601 391            457 528            447 439       22 284    4,98%       100 004    22,35%      85 284     19,06%        18 704   4,18%          991     0,22%
 84 VAUCLUSE                                         325 284            259 867   <        252 649       13 534     5,36%       58 402    23,12%      42 121     16,67%.       11 793   4,67%          694     0,27%
 85 VENDEE                                           394 215            332 278            321 151       70 725    22,02%       23 460     7,30%      58 462     18,20%        14 508   4,52%          892     0,28%
 86 VIENNE                                           281 401          227 807              219 359       13 497    6,15%        23 002    10,49%      47 870    21,82%         11 822   5,39%          696     0,32%
 87 HAUTE-VIENNE                                     263 199        v 218477               209 914        7 051     3,36%       15 894     7,57%      60 450    28,80%         10 429   4,97%          543     0,26%
 88 VOSGES                                           278 909          226 002          . 217 866         11 190     5,14%       43 539    19,98%      43 094     19,78%        12 064   5,54%          723     0,33%
 89 YONNE                                            230 305            183 969            178 400       10 688     5,99%       30 406    17,04%       36 095   20,23%          8 828   4,95%          557     0,31%
 90 TERRJTOIRE-DE-BELFORT                              87 668            71 356             69 139        2 529     3,66%       12 965    18,75%       12 548    18,15%         4212    6,09%         - 154    0,22%
 91 ESSONNE                                          683 626            524 747            512619        20 190     3,94%       73 534    14,34%      116811    22,79%         30 757   6,00%        1 194     0,23%
 92 HAUTS-DE-SEINE                                   823 908            616 102            604 652       20 344     3,36%       70 458    11,65%      160 605   26,56%'       28 529    4,72%        1 333     0,22%
  93 SEINE-SAINT-DENIS                               683 918            496 110            485 489       13 924     2,87%       91 176    18,78%       96 629    19,90%       28 108    5,79%        1118      0,23%
  94 jVAL-DE-MARNE                                   692 561            522 817            512041        16 377     3,20%       68 252    13,33%      119 796   23,40%        26 880    5,25%        1 092     0,21%
  95 jVAL-D'OISE                                     611 098            462 112            452 111       17 093     3,78%       79 103    17,50%      99713     22,05%        24 251    5,36%        1 058     0,23%
         [GUADELOUPE                                 255 268        v    90 538             84 054          763    0,91%         2 568   ' 3,06%       32 140   38,24%          1 894   2,25%          798     0,95%
         [MARTINIQUE                                 248 411            101 274             91 606          823    0,90%         1 509     1,65%      26 696    29,14%          2 444   2,67%          777     0,85%
         IGUYANE                                       42 473            18 226             17 348          324     1,87%        1 401     8,08%        6911    39,84%           652    3,76%          156     0,90%
--------- 1-----------------------
           REUNION                                   371 633            237 154            226 755        5 048    2,23%         6 555     2,89%      79 767    35,18%          5 491   2,42%        2 142    0,94%
           SAINT-PIERRE-.ET-MIQUELON                    4 489             2 577              2 449           68    2,78%           184     7,51%         832    33,97%            157   6,41%           10    0,41%
           MAYOTTE                                     35 196            20 329        •    20 176          240     1,19%          265     1,31%        7 975   39,53%           206     1,02%         304     1,51%
           WALLIS-ET-FUTUNA                             7 063             5319               5 298           29    0,55%            64     1,21%        2 306   43,53%             46   0,87%           46    0,87%
           NOUVELLE-CALEDONIE                         103 568            60 923   *         59 283         1 097    1,85%        4 845     8,17%      25 473    42,97%           892-    1,50%         385    0,65%
           POLYNESIE-FRANÇAISE                        122 783            61 732             59 880         1 607    2,68%        1 866     3,12%      30917     51,63%           978     1,63%         433    0,72%




                                                                                                                                                                                                                        14 mai 1995
           FRANÇAIS ETABLIS HORS DE ’
                                                      245 322           124 800            123 595       • 2 725    2,20%        6 388     5,17%      41 374    33,48%         2 924    2,37%          547    0,44%
           FRANCE
                                         TOTAL     39 993 954      31 346 960         30 464 552       1 443 235   4,74%     4 571 138   15,00%     6 348 696   20,84%      1 615 653   5,30%       84 969    0,28%

                                                                                                                                                        14 mai 1995
                                   Présentation détaillée des résultats du premier tour de l’élection présidentielle 1995




code departement
                                                                                                  8-
                         nom du département      6 - JOSPIN              7 - VOYNET                                  9- HUE                  total
                                                                                               BALLADUR


    72 SARTHE                                        68 714    23,48%        10 682    3,65%      63 289    21,63%     25 365    8,67%     292 604
    73 SAVOIE                                        4] 392    21,33%         8 325    4,29%      39 398    20,30%     15 399    7,94%     194 038
    74 HAUTE-SAVOIE                                  55 312    18,53%        13 849    4,64%      73 852    24,74%     15 007    5,03%     298 515
    75 PARIS                                        219254     26,02%        30 608    3,63%     139 869    16,60%     39 469    4,68%     842 664
    76 SEINE-MARITIME                               152 328    23,65%     v. 19 842    3,08%     117 988    18,32%     74 903    11,63%    644 130
    77 SEINE-ET-MARNE                               108 489    21,25%        17 192    3,37%      79 473    15,57%     42 069     8,24%    510 489




                                                                                                                                                       JOURNAL OFFICIEL DE LA REPUBLIQUE FRANÇAISE
    78 YVELINES                                     132 703    21,36%        21 185    3,41%     121 607    19,57%     39 549    6,36%     621 393
    79 DEUX-SEVRES                                   51 890    25,53%         7 848    3,86%      41 885    20,61%     11 613    5,71%     203 274
     80 SOMME                                        71 669    22,79%         7 656    2,43%      53 438    16,99%     39 081    12,43%    314 514
    81 TARN                                          58 446    28,17%         6 939    3,34%      36 600    17,64%     16691      8.04%    207 477
    82 TARN-ET-GARONNE                               31 669    26,11%         3 748    3,09%      19 381    15,98%      9 391    7,74%     121 294
    83 VAR                                           77 389    17,30%        Il 519    2,57%      94 382    21,09%     36 882    8,24%     447 439
    84 VAUCLUSE                                      51 214    20,27%         8 343    3,30%      44 945    17,79%     21 603    8,55%     252 649
    85 VENDEE                                        62 543    19,47%        10481     3,26%      64 826    20,19%     15 254    4,75%     321 151
    86 VIENNE                                        55 743    25,41%         8 538    3,89%      40 067    18,27%     18 124    8,26%     219 359
    87 HAUTE-VIENNE                                  57 533    27,41%         6617     3,15%      22 506    10,72%     28 891    13,76%    209 914
    88 VOSGES                                        47 960    22,01%         7 680    3,53%      39 203    17,99%     12413      5,70%    217 866
     89 YONNE                                        37 089    20,79%         6 118    3,43%      34 038    19,08%     14 581     8,17%    178 400
    90 terrjtoire-d'E-belfort                         17 835   25,80%         3 132    4,53%      10 678    15,44%      5 086    7,36%     69 139
    91 ESSONNE                                      123 720    24,13%        20 068    3,91%      79 700    15,55%     46 645    9,10%     512619
    92 HAUTS-DE-SEINE                               139 497    23,07%        19714     3,26%     116410     19,25%     47 762    7,90%     604 652
    93 SEINE-SAINT-DENIS                             113 567   23,39%        15 314    3,15%      57 258    11,79%     68 395    14,09%    485 489
    94 VAL-DE-MARNE                                 121 042    23,64%        17631     3,44%      76 488    14,94%     64 483    12,59%    512 041
     95 VAL-D'OISE                                * 100551     22,24%        14 822    3,28%      67 342    14,90%     48 178    10,66%    452 111
                   GUADELOUPE                        29 529    35,13%         1 136    1,35%      12 226    14,55%      3 000    3,57%      84 054
                   MARTINIQUE                        33 345    36,40%         1 162    1,27%      21 609    23,59%      3 241     3,54%    91 606
                   GUYANE                             4 190    24,15%           456    2,63%       2 929    16,88%        329     1,90%     17 348
                   REUNION                           68 839    30,36%         4 322    1,91%      30 684    13,53%     23 907    10,54%    226 755
                   SAINT-PIERRE-ET-MIQUELON             424     17,31%           82    3,35%         575    23,48%        117    4,78%      2 449
                   MAYOTTE                             1 048    5,19%           345    1,71%       9 474    46,96%        319     1,58%    20 176
                   WALLIS-ET-FUTUNA                    1 583   29,88%            37    0,70%       1 155    21,80%         32    0,60%      5 298
                   NOUVELLE-CALEDONIE                  9413     15,88%        1 020    1,72%      15 747    26,56%        411    0,69%     59 283
                   POLYNESIE-FRANÇAISE                 7 494    12,52%          922    1,54%      14 925    24,92%        738     1,23%     59 880
                   FRANÇAIS ETABLIS HORS DE
                                                     32 699    26,46%         5 189    4,20%      29 627    23,97%      2 122     1,72%    123 595
                   FRANCE




                                                                                                                                                       8157
                              TOTAL                7 098 191   23,30%      1 010 738   3,32%    5 658 996   18,58%   2 632 936   8,64%    30 464 552

8158                                       JOURNAL OFFICIEL DE LA RÉPUBLIQUE FRANÇAISE                                   14 mai 1995




                           Présentation détaillée des résultats du second tour de l’élection présidentielle 1995
 code département




                                               inscrits                                  Lionel                Jacques
                    nom du département                       votants      exprimés                    %                      %
                                                                                        JOSPIN                 CHIRAC



  01 AIN                                         314 136       251 552      234 703          99 920 42,57%       134 783 57,43%
 02 AISNE                                        371 771       304 966      287 ‘480       156 810 54,55%        130 670 45,45%
 03 ALLIER                                       263 964       215 296     201 406         101 223 50,26%        100 183 49,74%
 04 ALPES-DE-HAUTE-PROVENCE                      103 853         85 222       79 399         38 051 47,92%        41 348 52,08%
 05 HAUTES-ALPES                                  88 680         72 425       67 988         30 616 45,03%        37 372 54,97%
 06 ALPES-MARITIMES                              680 671       522 623     490 930         169 487 34,52%       321 443 65,48%
 07 ARDECHE                                      211 198       175 147     164 323           79 487 48,37%        84 836 51,63%
 08 ARDENNES                                     194 247       155 812     147 042           78 353 53,29%        68 689 46,71%
 09 ARIEGE                                       108 169         90 676      84 732          50 698 59,83%        34 034 40,17%
  10 AUBE                                        192 753       156 956     145 913          65 333 44,78%         80 580 55,22%
 1 1 AUDE                                        225 831       190 801     178 709          99 476 55,66%         79 233 44,34%
  12 AVEYRON                                     212 698       181 197     172 705          76 209 44,13%         96 496 55,87%
 13 BOUCHES-DU-RHONE                          1 108 874        860 895     797 351        363 1 14 45,54%       434 237 54,46%
 14 CALVADOS                                    437 163        354 498     336 792        164 646 48,89%        172 146 51,11%
 15 CANTAL                                       125 641       105 987     102 366          37 935 37,06%         64 431 62,94%
 16 CHARENTE                                    254 492        205 902     195 213        103 519 53,03%          91 694 46,97%
 17 CHARENTE-MARITIME                           396 990       319 465      302 175        146 040 48,33%        156 135 51,67%
 18 CHER                                        228 867        182 534     170 632          84 204 49,35%         86 428 50,65%
 19 CORREZE                                     185 044        162 041     155 736          60 168 38,63%        95 568 61,37%
 2A CORSE-DU-SUD                                  80 982        60 693       58 627         22 203 37,87%        36 424 62,13%
 2B HAUTE-CORSE                                   98 873        74 289       71 834         30 726 42,77%        41 108 57,23%
 21 COTE-D'OR                                   326 912       265 031      249 729        114 394 45,81%        135 335 54,19%
 22 COTES-D'ARMOR                               420 460       357 786     341 788         184 835 54,08%        156 953 45,92%
 23 CREUSE                                      105 775         87 043      83 166          38 553 46,36%        44 613 53,64%
 24 DORDOGNE                                    302 916       259 582     244 890         122 408 49,98%        122 482 50,02%
 25 DOUBS                                       325 780       270 727     255 000         121 359 47,59%        133 641 52,41 %
26 DROME                                        292 163       237 701     221 823         104 649 47,18%        117 174 52,82%
27 EURE                                         359 154       290 941     272 219         128 025 47,03%        144 194 52,97%
28 EURE-ET-LOIR                                 273 150       219 653     205 268          93 864 45,73%       11 1 404 54,27%
29 FINISTERE                                    625 020       517 951     496 148        242 305 48,84%        253 843 51,16%
30 GARD                                        419 262       341 520      315 173        154 201 48,93%        160 972 51,07%
31 HAUTE-GARONNE                                654 471      533 125      503 118        274 029 54,47%        229 089 45,53%
32 GERS                                         136 479       1 15 520    108 991          55 345 50,78%         53 646 49,22%
33 GIRONDE                                     827 141       677 404      639 204        327 351 51,21%        311 853 48,79%
34 HERAULT                                      576 596      472 265      440 555        215 525 48,92%        225 030 51,08%
35 ILLE-ET-VILAINE                              581 508      474 087      453 106        221 177 48,81%        231 929 51,19%
36 INDRE                                        180 699       148 329     138 743          69 784 50,30%         68 959 49,70%
37 INDRE-ET-LOIRE                              369 195       294 781      277 533        137 157 49,42%        140 376 50,58%
38 ISERE                                       672 788       534 610      499 616        250 656 50,17%        248 960 49,83%
39 JURA                                         177 773      147 003      136 913          65 324 47,71%         71 589 52,29%
40 LANDES                                      244 719       207 843      197 292        103 989 52,71%          93 303 47,29%
41 LOIR-ET-CHER                                228 164       186 533      174 171          83 952 48,20%         90 219 51,80%
42 LOIRE                                       486 481       378 779      352 379        156 951 44,54%        195 428 55,46%
43 HAUTE-LOIRE                                 159 891       132 761      124 636          52 655 42,25%         71 981 57.75%
44 LOIRE-ATLANTIQUE                            768 116       612 656      580 318        288 241 49,67%        292 077 50,33%
45 LOIRET                                      394 869       321 226      300 204        131 798 43,90%        T 68 406 56,10%
46 LOT                                         124 755       108 220      102 823          53 351 51,89%         49 472 48,1 1 %
47 LOT-ET-GARONNE                              224 828       189 532      176 771          84 746 47,94%         92 025 52,06%
48 LOZERE                                        57 682        49 377       47 157         18 179 38,55%         28 978 61,45%
49 MAINE-ET-LOIRE                              489 674       399 255      376 333        161 865 43,01%        214 468 56,99%
50 MANCHE                                      351 735       287 095      273 317        1 1 2 406 41,13%      160 91 1 58,87%
51 MARNE                                       366 184       287 291      269 978        122 748 45,47%        147 230 54,53%
52 HAUTE-MARNE                                 145 957       1 16 631     108 549          51 904 47,82%         56 645 52,18%
53 MAYENNE                                     206 353       169 559      160 661          65 081 40,51 %        95 580 59,49%
54 MEURTHE-ET-MOSELLE                          470 561       372 664      349 157      . 181 544 51,99%        167 613| 48,01 %

14 mai 1995                                JOURNAL OFFICIEL DE LA RÉPUBLIQUE FRANÇAISE                                            8159




                           Présentation détaillée des résultats du second tour de l’élection présidentielle 1995
 code département




                                                                                       Lionel                 Jacques
                    nom du département         inscrits     votants      exprimés                    %                        %
                                                                                      JOSPIN                  CHIRAC




  55 MEUSE                                      140 745      114 717       107 277        51 178   47,71%         56 099    52,29%
  56 MORBIHAN                                   472 143      390 507       370 887      172 652    46,55%       198 235     53,45%
  57 MOSELLE                                    690 103      539 639       499 324      243 177    48,70%       256 147     51,30%
  58 NIEVRE                                     173 969      141 475       133 499      ‘ 76 188   57,07%         57 311    42,93%
  59 NORD                                     1 677 826    1 324 163     1 233 608     662 566     53,71%       571 042     46,29%
 60 OISE                                        488 261      396 020       368 860      180 301    48,88%       188 559     51,12%
 61 ORNE                                        213 586      175 720       166 319        70 497   42,39%         95 822    57,61%
 62 PAS-DE-CALAIS                             1 016 147      823 842       769 379     440 736     57,28%       328 643     42,72%
 63 PUY-DE-DOME                                 415 519      344 1 59      323 738      158 254    48,88%       165 484     51,12%
 64 PYRENEES-ATLANTIQUES                        432 464      356 642       337 710      155 693    46,10%       182 017     53,90%
 65 HAUTES-PYRENEES                             173 648      141 849       133 616        71 373   53,42%         62 243    46,58%
 66 PYRENEES-ORIENTALES                         266 821      216 926       202 257        97 557   48,23%       104 700     51,77%
 67 BAS-RHIN                                    653 633      507 947       466 687      191 484    41,03%       275 203     58,97%
 68 HAUT-RHIN                                   458 381      359 458       328 677      140 489    42,74%       188 188     57,26%
 69 RHONE                                       922 551      726 554       681 540     286 757     42,07%      394 783      57,93%
 70 HAUTE-SAONE                                 170 055      143 227       133 637        66 303   49,61%     ‘ 67 334      50,39%
 71 SAONE-ET-LOIRE                              399 705      319 444       299 841     145 797     48,62%       1 54 044    51,38%
 72 SARTHE                                      378 348      302 668       284 879     144 695     50,79%       140 184     49,21%
 73 SAVOIE                                      249 304      199 670       187 483        82 356   43,93%       105 127     56,07%
 74 HAUTE-SAVOIE                                385 590      308 045       289 088     109 963     38,04%       179 125     61,96%
 75 PARIS                                     1 167 533      904 068       871 959     347 335     39,83%      524 624      60,17%
 76 SEINE-MARITIME                              831 570      658 378       617 023     328 426     53,23%      288 597      46,77%
 77 SEINE-ET-MARNE                              691 031      548 131       513 095     228 347     44,50%      284 748      55,50%
 78 YVELINES                                    822 619      669 390       635 254     250 027     39,36%      385 227      60,64%
 79 DEUX-SEVRES                                 259 242      213 371       202 893        96 399   47,51%       106 494     52,49%
 80 SOMME                                       390 933      326 005       307 288     163 254     53,13%       144 034     46,87%
 81 TARN                                        257 205      218 060       204 333     103 314     50,56%       101 019     49,44%
 82 TARN-ET-GARONNE                             151 138      127 638       119 874        58 829   49,08%         61 045    50,92%
 83 VAR                                         601 342      471 300       437 730    .168 118     38,41%      269 612      61,59%
 84 VAUCLUSE                                    325 230      263 589       242 313     106 977     44,15%       135 336     55,85%
 85 VENDEE                                      394 169      328 804       311 134     122 912     39,50%       188 222     60,50%
 86 VIENNE                                      281 388      229 472       217 292     107 920     49,67%       109 372     50,33%
 87 HAUTE-VIENNE                                263 175      220 556       205 041     106 303     51,84%         98 738    48,16%
 88 VOSGES                                      278 851      228 285       211 706     102 816     48,57%       108 890     51,43%
 89 YONNE                                       230 230      186 696       174 723        78 932   45,18%         95 791    54,82%
  90 TERRITOIRE-DE-BELFORT                       87 640        72 406       66 775        34 326   51,41%         32 449    48,59%
  91 ESSONNE                                    683 504      554 623       519 717     242 705     46,70%      277 012      53,30%
  92 HAUTS-DE-SEINE                             823 940      646 277       617 059     252 845     40,98%      364 214      59,02%
  93 SEINE-SAINT-DENIS                          683 706      508 634       474 746     246 125     51,84%      228 621      48,16%
  94 VAL-DE-MARNE                               692 407      542 729       512 437     240 906     47,01%      271 531      52,99%
  95 VAL-D’OISE                                 611 697      482 980       453 374     209 551     46,22%      243 823      53,78%
 971 GUADELOUPE                              » 255 157       114 359       108 217        59 630   55,10%         48 587    44,90%
 972 MARTINIQUE                                 250 097      122 607       114 960        67 763   58,94%         47 197    41,06%
 973 GUYANE                                      42 453        20 390       19 372         8 246   42,57%         1 1 126   57.43%
 974 REUNION                                    371 436      276 993       267 988      150 274    56,07%       1 17 714    43,93%
     SAINT-PIERRE-ET-MIQUELON                     4 487         2 996        2 867         1 122   39,13%           1 745   60,87%
     MAYOTTE                                     35 199        15 283       15 093         4 778   31,66%         10 315    68,34%
     WALLIS-ET-FUTUNA                              7 058        5 614        5 580         2 494   44,70%           3 086   55,30%
     NOUVELLE-CALEDONIE                         103 499        66 867       63 972        16 650   26,03%         47 322    73,97%
     POLYNESIE-FRANÇAISE                        122 784        63 152       61 378        23 944   39,01%         37 434    60,99%
     FRANÇAIS ETABLIS HORS DE                   245 317       130 036      127 387        52 791   41,44%         74 596    58,56%
     FRANCE

                          TOTAL
                                             39 976 944 31 845 819 29 943 671        14 180 644    47,36%   15 763 027      52,64%
